Temperature(F),Humidity(%),Cloudiness(%),Wind Speed (mph),Latitude(deg.),Longitude(deg.)
-9.13,95,0,2.35,53.13,132.9
55.0,82,91,3.0,-46.6,168.33
27.3,58,75,17.9,59.7,30.79
78.19,74,34,24.16,-21.36,55.77
55.0,82,69,3.0,-46.19,168.86
81.59,69,4,11.45,-9.8,-139.03
77.63,73,96,11.36,-23.12,-134.97
21.2,85,90,26.4,69.45,-133.04
55.0,82,100,3.0,-46.13,167.68
73.4,100,100,1.12,-21.21,-159.78
59.43,63,75,13.87,32.67,-17.1
45.41,30,39,4.9,34.57,105.89
74.21,80,3,12.15,26.54,-77.06
64.11,82,40,5.82,22.08,-159.32
-8.59,93,100,3.91,72.79,-56.15
78.71,88,70,5.55,-8.47,140.33
72.0,84,0,4.0,-33.59,26.89
49.23,66,75,17.22,-54.8,-68.3
78.8,94,90,6.93,-21.2,-175.2
83.21,8,0,3.0,19.75,10.25
80.06,83,75,3.36,-0.74,-90.35
1.4,84,75,3.36,65.28,-126.83
28.4,74,1,13.87,63.44,-20.27
-13.32,75,75,10.29,62.46,-114.35
43.97,41,1,16.11,41.37,-73.41
102.65,6,11,6.76,7.38,8.57
83.75,61,0,4.43,-0.6,73.08
48.81,49,40,6.93,48.78,9.18
64.78,78,90,3.67,19.73,-155.09
51.48,81,75,12.75,-53.15,-70.92
-14.17,95,92,4.27,61.47,128.92
59.27,80,100,25.1,34.7,44.97
83.93,80,100,20.11,-13.88,167.55
62.65,58,40,4.7,42.78,-9.06
41.92,81,90,12.75,43.13,-115.69
81.9,83,75,2.24,-20.33,-40.29
33.82,97,90,28.86,47.67,-52.73
87.17,67,63,8.21,-2.92,-39.92
81.95,48,100,12.24,20.85,85.1
38.16,48,90,18.34,42.6,-73.97
-20.2,75,20,3.18,55.74,-97.86
73.4,94,75,3.36,7.77,-72.22
39.2,80,100,8.05,62.23,-6.59
60.8,100,0,3.36,9.93,-69.62
66.79,57,99,7.27,-33.65,115.33
60.17,62,0,3.62,31.89,72.38
30.65,82,100,28.23,51.23,-58.65
31.01,41,100,2.59,41.76,86.15
52.03,66,90,8.05,-42.88,147.33
82.4,83,0,9.17,-20.32,118.57
34.43,97,100,12.93,52.45,64.63
60.8,72,40,11.41,37.73,-25.67
55.4,71,90,6.93,-37.83,140.77
-26.95,98,89,6.89,70.63,147.92
49.91,70,100,0.85,-45.42,167.72
41.22,44,1,14.99,44.1,-70.21
77.0,61,0,8.05,18.09,-15.98
51.85,66,90,8.05,-42.78,147.06
8.6,71,40,4.9,65.61,-37.64
99.41,30,73,17.58,-27.8,-64.26
68.45,77,5,17.54,-34.0,24.73
33.17,98,100,8.43,64.5,-165.41
61.39,33,20,13.87,34.88,-76.9
71.6,73,20,18.34,-33.92,25.57
37.49,34,0,18.43,40.61,115.04
84.11,74,100,13.0,-2.57,150.8
5.11,84,1,3.36,64.84,-147.72
11.75,72,0,4.92,63.05,179.32
50.0,64,100,6.46,-44.7,169.15
85.37,68,100,5.99,-1.77,-55.87
75.2,57,45,10.29,-33.01,17.94
60.71,24,93,9.31,-34.62,-68.33
58.53,71,84,6.93,-34.58,150.86
75.29,81,0,14.2,-30.18,-50.21
26.8,92,90,16.11,40.25,-103.8
76.84,53,40,6.93,-33.93,18.42
82.4,69,20,12.75,12.52,-70.03
75.69,71,22,5.01,-34.42,19.23
74.57,96,100,3.27,-3.94,122.5
-17.95,85,4,11.12,68.75,161.3
71.83,53,0,12.75,-22.96,14.51
62.38,42,100,13.42,43.06,44.74
73.67,9,95,8.97,22.93,57.53
44.22,72,37,18.34,54.91,8.3
81.77,80,1,14.52,-16.78,-151.5
58.6,58,20,20.8,26.18,127.76
-17.59,75,0,7.52,71.69,128.87
51.8,93,0,3.36,-41.47,-72.94
77.27,87,100,1.45,-2.53,112.95
82.4,74,20,12.75,12.58,-81.7
86.0,70,75,9.17,-12.58,13.41
-14.8,75,90,2.24,53.83,-101.25
-19.75,61,0,6.35,77.48,-69.36
81.5,57,38,4.32,12.34,-86.68
75.65,80,0,14.09,20.87,-90.4
34.97,47,100,21.32,52.63,29.73
33.37,64,90,6.93,42.1,-79.24
51.8,100,0,2.24,-41.87,-73.82
41.29,70,1,4.7,33.13,-107.25
32.86,86,90,9.17,45.52,-122.68
35.69,92,100,20.38,52.5,73.1
103.91,6,0,9.98,13.35,-15.75
18.77,77,100,6.62,64.38,-173.3
-26.59,94,39,3.53,66.15,-65.71
78.89,15,40,6.73,31.21,16.59
53.64,87,90,3.36,33.74,-118.39
69.44,78,90,3.89,21.35,-158.09
10.67,61,21,11.03,61.99,-49.67
57.2,82,40,12.75,-32.25,148.62
73.33,30,40,5.82,-13.7,-76.22
71.33,74,91,6.02,-15.43,-74.62
80.6,94,40,4.7,-9.43,159.95
-15.43,90,60,11.12,69.7,170.31
54.0,61,0,11.01,-35.53,144.97
78.8,57,20,9.17,17.02,54.09
46.13,77,69,6.93,42.08,20.42
52.11,81,75,27.51,51.68,-9.45
67.73,97,99,2.28,-10.98,26.73
55.67,87,0,10.29,-41.41,175.52
72.41,82,100,2.26,-0.87,134.08
65.21,79,48,7.2,15.33,38.93
49.26,42,1,6.93,38.89,-76.51
76.37,56,100,19.01,14.9,-24.5
-8.23,90,0,5.46,52.33,124.73
84.13,78,40,9.17,-22.97,-42.03
4.37,78,100,8.55,59.38,143.3
-0.67,92,100,16.24,71.92,114.08
82.4,78,75,9.17,-5.2,-35.46
80.6,94,75,3.36,-3.77,-70.38
16.09,78,40,4.7,68.22,-135.01
-6.61,92,100,16.55,73.51,80.55
69.6,77,20,12.75,22.29,114.16
80.38,78,40,5.82,-20.41,57.7
59.0,54,40,21.92,28.37,129.48
23.0,73,40,27.51,71.0,24.66
19.31,85,69,11.52,71.97,102.5
13.01,81,92,5.95,50.68,156.12
78.8,83,0,11.41,-24.87,113.63
83.21,69,100,5.93,3.07,172.79
82.13,82,100,13.0,-13.2,49.05
23.63,69,35,16.64,60.14,-45.24
75.87,69,5,6.02,15.74,-96.47
84.65,72,100,5.21,-9.66,120.26
5.99,77,87,11.88,65.42,-52.9
73.4,78,20,11.41,-33.02,27.91
27.95,63,32,13.02,64.89,-23.71
30.2,42,5,17.22,50.7,-127.42
76.01,92,100,5.59,-8.12,111.89
64.4,63,20,4.7,38.52,-28.7
65.93,32,0,10.6,-37.62,-73.65
49.01,47,16,12.15,48.99,37.8
80.6,88,40,9.13,-12.23,136.77
72.59,25,76,11.36,-35.66,-63.76
56.57,93,0,1.99,-40.85,172.8
2.93,88,72,5.7,50.72,136.63
40.44,86,75,6.93,35.13,140.3
36.86,51,75,17.22,63.73,8.83
57.2,62,75,3.36,38.69,35.55
82.67,79,21,14.92,-16.48,-151.75
26.6,86,90,24.16,71.29,-156.79
76.91,78,68,5.23,-19.88,-44.98
75.6,53,0,17.22,-34.53,20.04
40.17,100,90,5.82,40.6,-124.16
33.8,64,100,13.42,53.25,83.69
40.12,45,75,27.51,39.61,-119.25
45.41,33,1,13.87,40.87,-72.8
81.77,32,5,3.02,-24.79,-50.01
71.56,78,24,5.82,-21.15,149.2
72.41,39,0,16.49,26.56,31.69
6.53,64,0,2.62,60.75,-137.51
29.93,63,97,11.18,56.46,22.9
23.27,75,100,16.55,70.98,25.97
-4.99,84,0,3.24,66.32,-179.17
73.31,34,0,13.02,-38.37,-60.28
24.8,68,90,13.87,66.04,-17.34
89.6,66,20,10.29,-4.76,11.86
60.53,82,75,11.41,31.61,34.76
8.33,95,88,3.69,46.49,135.88
80.37,78,40,5.82,-20.34,57.76
63.09,42,20,4.7,44.04,16.2
67.01,43,41,10.33,15.17,44.32
36.91,100,75,10.29,35.73,140.83
-18.4,68,75,2.24,55.1,-105.28
19.4,79,1,8.05,57.79,-152.41
13.91,95,100,7.43,65.37,64.67
56.16,66,75,6.93,48.0,0.2
32.45,77,0,5.99,46.84,74.98
80.6,74,20,3.36,17.65,83.27
80.37,78,40,5.82,-20.52,57.52
68.07,72,100,9.17,-38.0,-57.56
85.06,66,75,13.87,-25.97,32.59
62.6,63,22,18.34,-33.18,138.02
39.83,29,81,3.89,42.8,93.45
-10.75,83,0,7.36,69.38,178.42
32.45,62,100,21.88,64.25,-15.21
5.0,71,40,13.87,51.26,-80.61
50.27,71,0,8.43,29.96,122.3
78.89,84,100,4.45,-9.88,-56.09
-2.2,58,75,17.22,78.22,15.64
71.87,91,97,7.23,18.8,110.4
28.13,91,100,12.88,60.38,92.63
32.81,98,100,11.43,67.47,78.7
6.42,65,1,5.82,61.22,-149.9
82.4,74,0,3.78,-15.77,128.73
78.01,82,4,5.01,8.0,124.29
-1.75,74,0,4.25,54.02,-124.02
69.82,94,90,16.08,30.36,-97.98
84.2,83,20,1.12,-8.19,114.97
69.44,65,77,5.99,-38.55,-58.74
82.62,69,20,17.22,18.47,-77.92
23.0,67,75,3.36,60.92,-46.05
71.69,78,32,1.72,23.25,82.55
18.95,84,100,17.92,68.05,39.51
62.6,59,75,14.99,33.08,-16.33
31.68,56,1,4.7,42.6,-84.38
-29.65,93,5,1.1,68.53,146.42
10.4,78,90,6.71,66.0,111.5
79.79,54,96,5.35,-10.07,-78.15
31.55,96,95,12.44,65.85,74.49
-25.6,74,5,2.24,55.22,-119.44
32.45,97,100,22.95,55.31,79.68
53.6,100,90,11.41,41.96,42.96
78.8,65,40,13.87,-18.92,-48.28
95.09,40,100,7.18,8.47,-0.01
44.87,71,100,12.75,51.09,54.08
88.61,39,0,6.49,-22.3,-53.27
-11.65,98,100,7.72,61.15,149.63
85.37,74,21,4.25,-5.25,-42.21
12.2,85,20,4.7,49.12,-85.84
60.35,74,100,9.6,39.05,-27.98
60.44,72,30,2.24,-33.04,-71.63
44.47,93,90,3.0,38.61,-122.87
84.94,83,20,2.24,5.41,100.34
45.36,93,90,8.05,37.1,-113.58
83.03,65,100,6.98,-9.01,-35.22
84.47,71,3,9.06,5.67,73.0
30.56,92,90,11.41,41.36,-93.56
84.47,77,62,13.56,-2.02,147.27
76.91,77,100,0.51,-3.28,32.85
75.11,89,4,4.23,-9.86,124.28
58.01,78,36,15.9,-34.73,135.87
41.36,60,90,5.82,39.18,-84.53
69.01,80,96,8.14,22.81,115.83
32.0,98,90,11.18,60.93,76.55
34.48,62,90,11.41,42.25,-75.83
46.18,15,100,4.47,36.56,104.21
91.4,55,54,9.17,9.43,-13.09
10.4,78,90,6.71,66.42,112.4
89.87,6,0,2.98,18.74,7.39
96.89,7,100,13.58,16.65,-14.96
40.62,51,1,1.12,37.57,126.98
45.41,61,58,5.66,49.04,41.01
46.0,81,24,2.93,-35.72,150.18
48.99,71,75,2.24,46.17,8.76
88.79,64,90,7.9,4.88,-1.76
74.57,92,17,4.34,-9.08,143.21
83.25,74,75,8.55,-21.64,-41.05
85.91,70,92,9.31,-2.65,10.0
100.67,10,27,4.21,5.72,19.07
81.05,85,94,11.05,-8.14,159.59
70.25,51,37,8.93,28.42,30.78
80.31,78,40,5.82,-19.98,57.61
91.85,4,0,8.52,20.52,-13.05
64.47,88,40,11.41,22.89,-109.91
69.71,94,100,5.23,-0.95,100.35
70.25,83,1,2.39,30.33,-81.4
88.79,59,53,4.9,-2.75,-42.83
93.47,19,99,5.55,9.9,4.42
35.69,87,100,19.84,52.83,70.78
30.65,95,100,11.1,66.08,76.63
104.09,24,77,10.13,-29.15,-59.65
78.51,94,75,3.36,2.3,111.82
80.6,74,75,19.46,13.07,-59.53
80.31,78,40,5.82,-20.01,57.66
74.03,81,0,16.37,24.9,-76.2
82.2,83,75,4.7,15.06,120.72
74.75,88,98,2.64,-9.11,124.89
76.19,87,100,3.18,-3.54,118.97
56.46,92,3,11.83,-35.1,173.78
86.0,74,75,5.82,-11.38,43.28
77.09,19,0,11.54,21.43,39.83
93.11,21,0,5.03,-26.62,-54.13
62.69,79,100,8.93,12.51,39.52
62.6,88,90,1.12,-29.95,-71.34
-10.03,93,90,17.98,66.77,123.37
82.85,75,100,10.69,-2.67,141.3
14.99,78,34,3.11,54.3,110.3
65.91,60,40,10.29,28.66,-17.92
79.38,74,20,10.29,24.56,-81.78
82.67,78,0,16.44,-16.7,-151.02
67.5,52,20,13.87,37.19,10.18
68.09,54,22,5.3,-17.94,-65.34
32.09,82,0,7.92,48.68,71.64
77.0,78,40,1.97,14.3,-91.92
18.23,63,100,6.31,65.58,-171.0
35.2,100,90,5.82,36.68,-101.48
5.56,84,1,3.36,64.86,-147.8
66.2,77,90,12.75,-33.87,121.9
44.4,59,36,5.01,57.27,9.94
85.33,84,20,11.9,6.33,99.84
60.8,44,0,12.75,-45.87,-67.5
35.15,82,100,11.54,50.25,58.43
19.85,86,99,3.8,42.97,140.51
26.87,92,100,14.54,60.37,93.04
84.2,70,20,8.05,8.0,98.25
88.97,4,0,4.18,20.5,-10.07
59.0,44,0,8.05,-38.95,-68.06
72.95,99,100,1.66,-3.37,135.48
38.39,23,100,10.33,40.28,97.2
70.07,29,100,21.32,-33.3,-66.34
72.84,94,40,5.82,22.05,-98.17
52.12,40,20,6.49,35.76,-83.97
75.11,74,37,7.02,11.0,122.67
69.8,56,0,4.7,30.41,71.87
50.43,76,20,17.22,41.04,28.98
73.26,83,8,4.7,-28.77,114.6
83.75,58,2,9.8,-33.7,-53.46
96.71,28,64,12.44,3.12,35.6
77.45,72,19,15.9,-25.17,46.08
1.85,83,0,2.24,52.98,116.92
51.62,81,40,11.41,35.98,-114.83
32.0,98,75,24.61,69.49,88.4
68.54,63,20,11.41,40.16,-8.33
23.45,44,0,6.76,48.01,91.64
66.2,68,88,3.36,-15.98,-71.46
46.99,82,0,1.99,28.68,121.44
77.0,83,40,3.36,16.86,-99.89
36.77,80,100,13.02,49.47,57.42
68.25,88,20,3.36,20.89,-156.5
61.39,30,0,4.7,41.61,-4.8
94.19,36,0,3.36,-2.17,16.23
91.4,66,40,11.41,-0.72,8.78
77.99,71,33,19.28,-25.17,45.05
35.6,34,40,11.41,48.93,-125.55
91.49,37,64,7.61,8.92,-67.43
79.07,81,16,15.77,9.49,50.81
58.37,61,0,3.38,30.55,73.39
93.2,7,0,5.82,9.93,13.95
17.6,78,20,13.87,70.37,31.11
82.27,88,75,1.12,4.41,114.01
94.19,41,41,5.84,7.74,-2.1
51.85,81,75,13.87,51.9,-2.08
68.34,93,5,3.36,20.7,-105.2
26.51,85,100,25.88,54.43,31.9
64.45,63,41,6.82,-33.73,-70.75
44.6,81,100,25.28,60.4,-1.35
79.07,81,47,6.42,6.23,-77.4
52.0,28,0,8.19,37.37,118.02
80.33,75,55,13.27,5.38,-52.95
74.75,25,100,10.85,26.0,63.04
79.79,82,100,2.13,-8.13,36.68
56.05,62,90,10.29,48.17,-1.67
12.11,83,100,11.03,60.73,114.93
28.4,68,90,17.22,67.67,12.69
58.55,80,0,3.69,30.48,-115.95
80.6,88,75,9.17,-1.76,-48.8
47.75,71,33,9.78,33.73,135.98
75.2,73,5,8.05,15.85,-97.07
34.61,87,86,16.4,56.11,69.49
10.49,90,100,9.37,67.68,53.15
80.6,74,75,19.46,13.22,-59.52
67.19,93,75,10.29,32.22,-98.2
85.69,70,0,9.17,-32.03,-52.1
70.18,56,20,3.36,38.7,-9.42
104.81,20,0,0.72,7.56,-9.27
73.67,14,0,2.39,25.02,79.05
88.61,44,0,6.42,11.28,-15.83
76.73,92,100,3.78,-3.8,102.27
26.56,100,90,17.22,41.87,-103.67
89.6,49,40,16.11,2.82,-60.67
73.31,99,100,2.44,-6.12,141.29
69.35,88,16,2.73,-20.02,148.23
65.03,50,33,1.43,22.27,-101.97
32.0,86,100,4.0,48.65,-53.11
15.89,72,100,7.16,71.04,27.85
91.4,18,40,4.7,17.49,44.13
50.45,72,0,1.25,28.45,117.97
77.09,74,0,17.83,21.46,-71.14
46.92,58,24,11.41,54.3,9.67
59.0,44,0,8.05,-39.03,-67.58
79.07,72,46,5.28,-22.43,-151.33
80.33,34,91,12.71,11.59,37.39
45.88,42,1,14.99,41.28,-70.1
48.43,76,90,3.36,-41.45,147.17
72.41,13,0,6.42,22.53,76.68
86.99,23,10,13.22,15.11,37.59
70.65,83,90,4.7,29.42,-98.49
35.87,22,100,3.58,39.82,98.3
67.91,74,41,8.9,-17.41,-70.36
73.67,84,48,6.49,-14.66,17.69
101.57,9,0,8.41,13.33,-1.53
66.99,87,0,7.0,-22.12,14.28
31.19,89,92,12.41,56.79,59.51
60.8,72,40,11.41,37.8,-25.58
86.0,66,40,13.87,-23.86,35.38
112.73,3,23,1.63,13.03,-9.49
92.57,42,100,10.27,3.38,-59.8
64.49,98,100,2.91,-2.08,101.38
82.31,83,100,15.64,-19.55,169.27
77.0,94,100,4.7,-19.06,-169.92
5.81,94,100,18.41,49.65,-108.42
5.0,77,90,13.87,69.22,-51.1
49.37,97,100,5.57,41.09,40.73
52.5,97,0,7.56,-39.76,174.48
34.43,93,95,10.98,60.05,69.9
86.99,48,100,5.55,4.77,33.59
82.4,69,20,17.22,-15.2,12.15
86.0,74,75,5.82,-12.97,40.52
88.79,64,90,7.9,4.87,-2.24
93.11,37,53,14.0,-34.48,-54.33
68.81,69,100,7.92,25.52,90.22
33.94,64,75,12.75,41.47,-91.13
71.33,39,90,6.04,22.57,59.53
83.57,71,75,5.14,-14.25,129.55
5.27,94,100,9.93,63.28,118.33
68.05,88,90,6.87,20.89,-156.47
78.35,56,100,1.41,-0.59,30.21
57.2,93,75,6.58,-32.45,-71.23
69.01,59,0,3.0,40.36,-7.86
79.79,41,100,2.24,-20.58,17.43
78.8,88,100,12.75,11.28,49.18
-17.77,98,0,3.98,62.1,126.7
51.82,71,75,14.99,53.39,-2.58
46.13,20,0,3.22,34.77,111.18
26.6,79,75,2.24,66.4,14.52
78.8,65,0,4.7,-22.41,-47.56
89.6,33,49,9.17,11.35,77.2
-24.07,93,0,3.76,64.57,143.2
88.68,70,75,5.82,-17.65,-62.75
-25.87,95,11,4.32,67.63,134.63
82.67,79,21,14.92,-16.52,-151.75
86.09,30,0,6.6,8.41,48.48
64.4,93,90,6.93,24.78,85.0
75.11,87,39,4.81,-5.56,-80.82
77.81,87,100,3.89,-7.95,110.28
29.26,74,20,14.99,63.84,-22.43
60.8,72,40,11.41,37.72,-25.43
52.84,62,40,9.95,-45.58,-72.07
48.29,20,0,4.43,35.91,116.31
81.77,80,100,8.43,-21.35,165.15
77.09,85,100,5.48,-10.62,150.67
86.0,22,85,9.17,-21.98,16.92
61.61,66,31,9.24,35.3,37.18
82.85,81,100,13.04,-6.22,155.63
46.31,39,1,9.17,39.95,-75.16
12.65,74,100,11.16,48.0,122.72
50.45,21,0,9.17,34.68,112.45
80.6,78,40,4.7,18.39,-71.2
88.43,44,1,4.94,10.67,-63.26
80.33,86,100,11.81,-10.45,161.92
-21.01,88,0,6.62,67.45,153.68
82.13,83,100,23.04,-22.67,167.48
25.61,93,100,5.01,61.67,96.37
78.8,94,100,3.36,-3.35,-64.71
48.34,31,1,6.93,39.1,-76.85
63.09,42,1,4.7,29.57,-104.42
6.71,94,100,11.72,59.57,150.8
95.0,36,62,9.1,-25.33,-57.53
13.91,85,100,6.51,34.03,75.33
51.58,76,90,5.82,34.73,-86.57
47.41,45,20,4.7,51.97,12.14
78.48,88,36,3.36,-17.83,-149.27
-22.0,67,5,2.24,70.47,-68.59
50.49,76,75,13.87,51.03,-4.22
76.37,61,100,8.1,-13.44,-42.24
72.12,64,20,20.8,9.81,-84.05
82.4,45,52,9.17,-14.47,132.27
83.93,64,100,6.93,-9.07,-44.36
32.99,77,100,8.12,43.32,145.57
82.65,69,20,17.22,18.45,-78.17
62.15,68,3,23.53,24.8,125.28
77.0,88,75,2.24,7.04,134.26
70.61,48,0,1.59,26.42,-108.62
51.4,71,37,6.93,-35.35,150.47
79.79,88,64,2.42,-6.42,20.8
87.8,19,0,14.99,-25.24,130.99
36.9,87,75,1.12,46.62,10.7
69.8,56,70,8.95,22.82,108.32
12.2,85,20,4.7,48.78,-87.1
89.6,66,20,12.75,5.79,0.9
34.25,89,100,9.4,57.7,93.28
32.81,86,90,9.17,45.58,-122.35
65.28,63,41,6.82,-33.46,-70.65
79.43,78,71,2.19,-6.05,26.92
75.2,73,75,4.7,21.73,84.35
64.4,68,20,8.97,38.73,-27.07
29.39,86,100,12.73,57.31,88.17
81.59,79,100,14.54,-5.67,132.75
77.45,91,94,4.14,-5.11,105.31
76.91,77,67,6.15,12.18,125.51
57.83,76,83,16.91,-38.27,141.97
26.51,61,100,14.29,69.77,21.02
23.81,59,100,15.55,70.86,29.09
17.6,61,0,13.42,64.75,177.48
86.09,65,67,3.18,4.14,96.13
-25.28,60,5,13.87,63.75,-68.51
86.27,61,99,2.68,-2.95,25.95
74.57,62,0,10.31,18.03,73.02
59.99,35,100,12.84,47.65,53.35
82.4,83,20,6.93,6.12,81.12
74.75,93,65,4.61,-7.0,23.45
23.81,85,100,30.65,61.37,35.37
46.85,21,0,7.65,41.12,80.26
67.91,45,0,1.7,27.88,79.92
74.21,92,100,3.58,-7.96,145.78
60.8,63,40,14.99,39.89,4.27
29.93,96,100,31.25,60.47,166.1
31.35,82,100,13.0,43.75,-81.72
83.39,84,100,1.77,-6.64,-51.99
53.82,46,20,5.82,46.42,3.91
77.81,73,75,9.17,-21.76,-43.35
75.63,83,40,10.29,24.7,-77.77
68.27,43,94,9.95,29.58,-9.5
41.72,38,26,12.75,50.21,19.27
64.4,45,75,23.04,29.97,40.21
36.03,93,90,4.7,46.98,-123.89
37.4,100,90,6.93,37.22,-93.3
21.11,94,100,8.7,64.9,45.76
7.07,96,100,13.15,59.7,150.17
56.73,72,40,6.93,41.77,12.23
35.69,46,100,22.26,52.05,29.25
88.79,11,0,10.69,-28.45,18.73
81.41,68,38,2.77,-6.13,24.48
77.0,94,99,4.81,-21.69,165.68
55.94,71,90,6.93,34.26,-88.7
67.55,40,46,11.41,-38.88,-62.07
31.37,88,100,7.47,55.91,94.75
86.0,19,100,19.46,14.92,-23.51
78.89,47,16,2.46,-22.28,44.52
84.47,55,53,3.31,-1.95,18.27
45.46,36,1,16.11,40.77,-72.85
4.55,95,100,11.59,59.58,151.28
93.29,31,68,2.75,1.65,14.58
29.57,95,100,15.57,65.82,87.98
67.37,41,0,19.75,-40.81,-63.0
54.97,84,100,1.01,-45.87,170.5
75.2,27,90,4.7,27.67,54.14
23.0,79,90,6.93,50.23,-63.6
16.77,78,20,13.87,70.07,29.75
83.19,34,100,8.05,25.26,55.3
49.03,87,75,16.11,50.27,-5.05
31.73,98,100,3.27,29.27,82.18
28.67,76,92,4.21,52.3,86.2
68.0,56,75,4.7,29.56,34.95
37.94,93,100,10.87,34.67,138.95
80.51,77,100,5.06,-12.74,-60.15
78.8,50,0,27.51,-26.65,15.16
90.05,61,100,3.2,-4.56,-37.77
78.35,66,0,13.53,16.03,73.68
58.37,77,0,4.45,24.42,111.52
16.97,87,96,2.84,46.43,141.86
82.67,69,21,7.27,11.67,92.75
32.63,30,99,3.67,38.5,102.17
84.2,35,0,9.17,20.93,-17.03
13.73,80,100,13.56,59.12,159.97
77.0,78,5,6.24,19.22,-104.7
82.13,74,35,10.47,10.57,72.64
93.2,16,20,8.05,-28.45,21.26
46.99,46,100,11.99,49.53,25.58
31.91,95,100,22.1,67.47,86.58
80.6,21,75,13.87,24.69,46.72
39.7,41,0,11.41,58.38,12.32
50.63,64,57,12.21,46.57,40.66
71.15,84,100,13.87,19.91,109.69
75.11,25,1,2.57,19.3,97.97
68.63,70,0,7.02,-25.4,-70.48
31.51,76,100,10.29,43.94,-82.71
